  0.0000000E+00   4.322376      0.5031276    
   5.000000       4.182789      0.4143844    
   10.00000       4.099029      0.3424232    
   15.00000       4.101793      0.2383645    
   20.00000       4.104831      0.1293002    
   25.00000       4.147834      7.0265308E-02
   30.00000       4.234870      4.3248970E-02
   35.00000       4.347989      5.2067056E-02
   40.00000       4.472426      6.0808826E-02
   45.00000       4.604400      5.3773046E-02
   50.00000       4.729985      4.8527721E-02
   55.00000       4.850143      6.3449815E-02
   60.00000       4.942390      7.6719701E-02
   65.00000       5.034259      6.8033077E-02
   70.00000       5.128239      4.5020837E-02
   75.00000       5.211546      3.1963658E-02
   80.00000       5.275477      4.6619549E-02
   85.00000       5.336118      5.4151095E-02
   90.00000       5.394070      6.4175904E-02
   95.00000       5.437284      7.9111606E-02
   100.0000       5.490438      8.5522197E-02
   105.0000       5.548799      9.2223190E-02
   110.0000       5.624170      0.1041808    
   115.0000       5.687280      0.1166873    
   120.0000       5.732169      0.1072449    
   125.0000       5.770988      9.4087929E-02
   130.0000       5.808879      7.3357113E-02
   135.0000       5.865560      7.2817780E-02
   140.0000       5.934806      6.9420703E-02
   145.0000       5.960827      8.6982287E-02
   150.0000       5.965459      9.9883452E-02
   155.0000       5.925580      0.1335382    
   160.0000       5.918396      0.1514987    
   165.0000       5.876613      0.1868762    
   170.0000       5.830288      0.2460578    
   175.0000       5.787333      0.2943727    
   180.0000       5.679018      0.2813868    
   185.0000       5.611270      0.3048377    
   190.0000       5.555870      0.3245715    
   195.0000       5.468606      0.3226061    
   200.0000       5.365527      0.3045623    
   205.0000       5.192986      0.3054336    
   210.0000       5.073461      0.2872159    
   215.0000       4.877124      0.3335520    
   220.0000       4.766812      0.3838983    
   225.0000       4.668914      0.4088428    
   230.0000       4.575283      0.4136184    
   235.0000       4.425940      0.4428184    
   240.0000       4.176040      0.4716021    
   245.0000       3.909434      0.4653824    
   250.0000       3.606335      0.4232382    
   255.0000       3.418079      0.4580499    
   260.0000       3.160505      0.5235214    
   265.0000       2.917212      0.5587866    
   270.0000       2.602783      0.6261196    
   275.0000       2.269668      0.6492241    
   280.0000       1.851872      0.7052355    
   285.0000       1.583111      0.7219552    
   290.0000       1.265342      0.7189072    
   295.0000      0.9730738      0.6684892    
   300.0000      0.6539131      0.7272195    
   305.0000      0.3759084      0.7206819    
   310.0000      0.1035025      0.6585951    
   315.0000     -0.1690749      0.5713856    
   320.0000     -0.4102876      0.5933663    
   325.0000     -0.5258692      0.5452967    
   330.0000     -0.6119248      0.5255659    
   335.0000     -0.7809893      0.4999473    
   340.0000     -0.8381801      0.5033078    
   345.0000     -0.8798819      0.4713992    
   350.0000     -0.8420943      0.4514221    
   355.0000     -0.8348907      0.4119284    
   360.0000     -0.8435435      0.3749781    
   365.0000     -0.7899322      0.3460379    
   370.0000     -0.7066966      0.3125944    
   375.0000     -0.6228102      0.2476067    
   380.0000     -0.5101317      0.1914373    
   385.0000     -0.3371445      0.1553685    
   390.0000     -0.1787558      0.1134025    
   395.0000     -2.2089090E-02  8.3495930E-02
400 0.1487020 0.2563522
405 0.3116255 0.2192268
410 0.5106121 0.1845377
415 0.6824461 0.1632663
420 0.8299740 0.1513546
425 0.9958397 0.1308221
430 1.152246 0.1026467
435 1.319947 7.9792745E-02
440 1.477169 7.1092583E-02
445 1.633230 7.6204613E-02
450 1.810123 7.5508937E-02
455 1.981546 8.1602298E-02
460 2.136354 8.0301709E-02
465 2.274960 6.5745793E-02
470 2.401824 6.2715597E-02
475 2.521606 8.1426337E-02
480 2.644848 8.8884145E-02
485 2.771436 8.9257598E-02
490 2.880319 8.6079426E-02
495 2.993615 0.1033551
500 3.096561 0.1307631
505 3.183947 0.1278041
510 3.307680 0.1261229
515 3.568353 0.2881531
520 3.735093 0.3203030
525 3.938653 0.3458671
530 4.210899 0.4463919
535 4.587729 0.4565068
540 5.010075 0.4408660
545 5.383133 0.3510480
550 5.590795 0.2878214
555 5.788961 0.2304198
560 5.849215 0.2137510
565 5.928734 0.1770665
570 5.949210 0.1640911
575 5.969785 0.1785089
580 5.964691 0.1915671
585 5.971640 0.1776091
590 5.993210 0.1501786
595 6.026064 0.1414987
600 6.058357 0.1327167
605 6.097544 0.1625050
610 6.104043 0.1801963
615 6.068173 0.1482546
620 6.089308 0.1770421
625 6.136144 0.1655734
630 6.144131 0.1112196
635 6.167798 0.1020745
640 6.162847 6.4843222E-02
645 6.158898 5.4584064E-02
650 6.159940 8.2356125E-02
655 6.159661 0.1275929
660 6.154501 0.1641107
665 6.136103 0.1686412
670 6.121092 0.1626371
675 6.106105 0.1422185
680 6.071666 0.1041146
685 6.097437 0.1032293
690 6.116797 7.3383778E-02
695 6.168726 7.5434439E-02
700 6.197911 7.1635522E-02
705 6.222721 6.2799767E-02
710 6.228672 5.3296175E-02
715 6.219331 4.9005087E-02
720 6.199653 3.8567465E-02
725 6.182711 2.7950849E-02
730 6.157627 2.1891529E-02
735 6.117271 4.0158890E-02
740 6.053960 5.2337918E-02
745 6.008260 6.1699152E-02
750 5.960407 4.3335952E-02
755 5.936193 3.7597530E-02
760 5.926352 3.2491263E-02
765 5.930181 2.8908687E-02
770 5.939973 2.2199152E-02
775 5.952322 1.6214829E-02
780 5.958901 1.1868039E-02
785 5.969587 1.1768724E-02
790 5.991221 2.8288491E-02
795 6.035493 4.6705905E-02
800 6.081095 7.1471483E-02
805 6.135391 8.4273666E-02
810 6.188250 0.1040289
815 6.226223 0.1065278
820 6.264729 9.3474150E-02
825 6.292906 8.7625466E-02
830 6.329178 9.5705971E-02
835 6.357543 0.1103366
840 6.360022 0.1172876
845 6.352015 0.1241471
850 6.317028 0.1029223
855 6.295749 8.5196763E-02
860 6.299513 7.3102444E-02
865 6.295930 4.9029034E-02
870 6.310867 5.8686681E-02
875 6.297527 5.4343008E-02
880 6.288855 5.5595145E-02
885 6.273928 5.9193496E-02
890 6.253936 5.9193496E-02
895 6.238588 5.3665213E-02
900 6.213109 5.0496664E-02
905 6.186175 4.6649095E-02
910 6.151634 4.7640357E-02
915 6.121689 4.4879396E-02
920 6.084898 3.5438903E-02
925 6.048013 3.8500421E-02
930 6.026932 3.3567883E-02
935 5.994395 2.5559777E-02
940 5.974109 2.5559777E-02
945 5.946932 2.6537742E-02
950 5.912353 3.3667639E-02
955 5.881823 2.5816737E-02
960 5.849885 2.4881136E-02
965 5.821224 2.7926575E-02
970 5.809886 3.2211762E-02
975 5.787336 3.6920436E-02
980 5.767303 3.2538056E-02
985 5.738422 2.9123500E-02
990 5.714006 2.3644915E-02
995 5.688146 1.9785522E-02
1000 5.663036 1.5552494E-02
1005 5.649168 1.3357038E-02
1010 5.637850 1.1874858E-02
1015 5.631796 1.3993610E-02
1020 5.626252 1.7104030E-02
1025 5.624177 1.8119797E-02
1030 5.622681 1.4235052E-02
1035 5.621617 9.7318925E-03
1040 5.616205 1.3437348E-02
1045 5.607546 2.5501767E-02
1050 5.586017 3.5310920E-02
1055 5.562279 4.3694161E-02
1060 5.540817 4.8068874E-02
1065 5.509195 5.1085997E-02
1070 5.482632 5.9498228E-02
