#Time: 	1.000 My
#x(km)	w(m)	h(m)
-160.00	-0.063	-429.535
-151.99	0.000	-429.598
-143.98	-0.063	-429.535
-135.96	-0.187	-429.411
-127.95	-0.305	-429.293
-119.94	-0.352	-429.247
-111.93	-0.258	-429.340
-103.92	0.043	-429.641
-95.90	0.621	-430.219
-87.89	1.545	-431.143
-79.88	2.882	-432.481
-71.87	4.696	-434.295
-63.86	7.041	-436.639
-55.84	9.959	-439.557
-47.83	13.471	-443.070
-39.82	17.573	-447.171
-31.81	22.220	-451.818
-23.80	27.319	-456.918
-15.78	32.716	-462.314
-7.77	38.178	-467.776
0.24	43.382	-477.281
8.25	47.898	-635.840
16.27	51.842	-698.680
24.28	55.429	-602.248
32.29	58.539	-435.637
40.30	60.639	-255.028
48.31	60.988	-181.601
56.33	59.058	-205.610
64.34	54.601	-129.077
72.35	47.317	-152.035
80.36	37.081	-121.799
88.37	23.978	-119.005
96.39	8.260	-86.407
104.40	-9.878	-39.399
112.41	-30.439	50.679
120.42	-53.561	150.732
128.43	-79.431	186.437
136.45	-108.097	292.835
144.46	-139.451	495.675
152.47	-173.120	473.059
160.48	-208.166	503.789
168.49	-243.337	523.700
176.51	-277.234	549.445
184.52	-308.541	565.034
192.53	-336.242	676.149
200.54	-359.851	742.702
208.55	-379.334	684.051
216.57	-395.066	678.163
224.58	-407.969	786.474
232.59	-419.412	934.032
240.60	-430.803	976.226
248.61	-443.082	839.666
256.63	-456.032	1021.599
264.64	-467.613	1161.056
272.65	-474.381	1148.012
280.66	-472.948	1075.687
288.67	-461.885	881.922
296.69	-441.586	794.904
304.70	-413.517	683.767
312.71	-379.638	537.674
320.72	-342.024	424.904
328.73	-302.469	337.260
336.75	-262.340	253.459
344.76	-222.524	198.014
352.77	-183.635	143.412
360.78	-146.110	92.571
368.80	-110.248	48.273
376.81	-76.241	10.118
384.82	-44.224	-22.536
392.83	-14.330	-52.582
400.84	13.273	-78.545
408.86	38.348	-98.972
416.87	60.566	-117.881
424.88	79.622	-132.316
432.89	95.350	-145.400
440.90	107.878	-156.156
448.92	117.666	-164.869
456.93	125.439	-168.611
464.94	132.122	-162.948
472.95	138.788	-151.792
480.96	146.618	-144.883
488.98	156.834	-127.454
496.99	170.608	-136.913
505.00	188.929	-163.896
513.01	212.482	-207.875
521.02	241.431	-176.872
529.04	275.090	-193.566
537.05	311.578	140.820
545.06	347.237	574.732
553.07	377.331	518.716
561.08	398.903	318.524
569.10	410.954	158.674
577.11	414.343	-0.189
585.12	410.858	-177.384
593.13	402.606	-191.076
601.14	391.412	-192.894
609.16	378.556	-198.883
617.17	364.797	-184.984
625.18	350.610	-148.537
633.19	336.234	-160.319
641.20	321.759	-169.697
649.22	306.928	-147.150
657.23	291.147	-127.209
665.24	273.484	-122.921
673.25	252.848	-116.382
681.27	228.192	-95.858
689.28	199.386	-69.034
697.29	167.171	-26.793
705.30	132.919	9.656
713.31	98.326	45.839
721.33	65.117	94.465
729.34	34.789	150.934
737.35	8.498	154.146
745.36	-13.036	140.110
753.37	-29.416	149.134
761.39	-40.602	173.236
769.40	-46.933	184.711
777.41	-48.964	195.476
785.42	-47.460	200.825
793.43	-43.360	211.490
801.45	-37.623	213.824
809.46	-31.123	215.469
817.47	-24.591	204.880
825.48	-18.468	183.337
833.49	-12.882	184.257
841.51	-7.726	184.102
849.52	-2.699	176.407
857.53	2.548	150.592
865.54	8.263	139.591
873.55	14.683	110.560
881.57	22.016	91.096
889.58	30.359	81.253
897.59	39.630	78.361
905.60	49.586	50.659
913.61	59.896	34.701
921.63	70.236	23.144
929.64	80.272	16.232
937.65	89.728	10.821
945.66	98.343	7.386
953.67	105.881	10.260
961.69	112.164	7.359
969.70	117.088	-1.628
977.71	120.614	-14.073
985.72	122.768	-29.495
993.73	123.675	-37.147
1001.75	123.469	-40.235
1009.76	122.193	-39.544
1017.77	119.744	-37.829
1025.78	115.961	-34.716
1033.80	110.755	-29.295
1041.81	104.108	-21.542
1049.82	96.083	-13.514
1057.83	86.836	-3.802
1065.84	76.637	7.399
1073.86	65.892	18.115
1081.87	55.174	28.833
1089.88	44.957	39.050
1097.89	35.561	48.445
1105.90	27.181	56.826
1113.92	19.910	64.096
1121.93	13.767	70.240
1129.94	8.714	75.292
1137.95	4.676	79.331
1145.96	1.550	82.456
1153.98	-0.775	84.782
1161.99	-2.418	86.425
1170.00	-3.496	87.502
1178.01	-4.116	88.123
1186.02	-4.379	88.385
1194.04	-4.372	88.378
1202.05	-4.170	88.176
1210.06	-3.837	87.843
1218.07	-3.424	87.430
1226.08	-2.971	86.978
1234.10	-2.512	86.518
1242.11	-2.067	86.073
1250.12	-1.653	85.659
1258.13	-1.280	85.286
1266.14	-0.953	84.959
1274.16	-0.674	84.681
1282.17	-0.442	84.449
1290.18	-0.256	84.262
1298.19	-0.109	84.116
1306.20	0.002	84.005
1314.22	0.081	83.925
1322.23	0.135	83.871
1330.24	0.168	83.839
1338.25	0.184	83.822
1346.27	0.188	83.819
1354.28	0.182	83.825
1362.29	0.169	83.838
1370.30	0.152	83.854
1378.31	0.134	83.873
1386.33	0.114	83.893
1394.34	0.095	83.912
1402.35	0.077	83.930
1410.36	0.060	83.947
1418.37	0.045	83.961
1426.39	0.033	83.974
1434.40	0.022	83.984
1442.41	0.014	83.993
1450.42	0.007	84.000
1458.43	0.001	84.005
1466.45	-0.002	84.009
1474.46	-0.005	84.012
1482.47	-0.007	84.013
1490.48	-0.008	84.014
1498.49	-0.008	84.015
1506.51	-0.008	84.014
1514.52	-0.007	84.014
1522.53	-0.007	84.013
1530.54	-0.006	84.013
1538.55	-0.005	84.012
1546.57	-0.004	84.011
1554.58	-0.004	84.010
1562.59	-0.003	84.009
1570.60	-0.002	84.009
1578.61	-0.002	84.008
1586.63	-0.001	84.008
1594.64	-0.001	84.007
1602.65	-0.000	84.007
1610.66	-0.000	84.007
1618.67	0.000	84.007
1626.69	0.000	84.006
1634.70	0.000	84.006
1642.71	0.000	84.006
1650.72	0.000	84.006
1658.73	0.000	84.006
1666.75	0.000	84.006
1674.76	0.000	84.006
1682.77	0.000	84.006
1690.78	0.000	84.006
1698.80	0.000	84.006
1706.81	0.000	84.006
1714.82	0.000	84.006
1722.83	0.000	84.006
1730.84	0.000	84.006
1738.86	0.000	84.007
1746.87	0.000	84.007
1754.88	0.000	84.007
1762.89	0.000	84.007
1770.90	0.000	84.007
1778.92	-0.000	84.007
1786.93	-0.000	84.007
1794.94	-0.000	84.007
1802.95	-0.000	84.007
1810.96	-0.000	84.007
1818.98	-0.000	84.007
1826.99	-0.000	84.007
1835.00	-0.000	84.007
1843.01	-0.000	84.007
1851.02	-0.000	84.007
1859.04	-0.000	84.007
1867.05	-0.000	84.007
1875.06	-0.000	84.007
1883.07	-0.000	84.007
1891.08	-0.000	84.007
1899.10	-0.000	84.007
1907.11	-0.000	84.007
1915.12	-0.000	84.007
1923.13	-0.000	84.007
1931.14	0.000	84.007
1939.16	0.000	84.007
1947.17	0.000	84.007
1955.18	0.000	84.007
1963.19	0.000	84.007
1971.20	0.000	84.007
1979.22	0.000	84.007
1987.23	0.000	84.007
1995.24	0.000	84.007
2003.25	0.000	84.007
2011.27	0.000	84.007
2019.28	0.000	84.007
2027.29	0.000	84.007
2035.30	0.000	84.007
2043.31	0.000	84.007
2051.33	0.000	84.007
2059.34	0.000	84.007
2067.35	0.000	84.007
2075.36	0.000	84.007
2083.37	-0.000	84.007
2091.39	-0.000	84.007
2099.40	-0.000	84.007
2107.41	-0.000	84.007
2115.42	-0.000	84.007
2123.43	-0.000	84.007
2131.45	-0.000	84.007
2139.46	-0.000	84.007
2147.47	-0.000	84.007
2155.48	-0.000	84.007
2163.49	-0.000	84.007
2171.51	-0.000	84.007
2179.52	-0.000	84.007
2187.53	-0.000	84.007
2195.54	-0.000	84.007
2203.55	-0.000	84.007
2211.57	-0.000	84.007
2219.58	-0.000	84.007
2227.59	-0.000	84.007
2235.60	-0.000	84.007
2243.61	0.000	84.007
2251.63	0.000	84.007
2259.64	0.000	84.007
2267.65	0.000	84.007
2275.66	0.000	84.007
2283.67	0.000	84.007
2291.69	0.000	84.007
2299.70	0.000	84.007
2307.71	0.000	84.007
2315.72	0.000	84.007
2323.74	0.000	84.007
2331.75	0.000	84.007
2339.76	0.000	84.007
2347.77	0.000	84.007
2355.78	0.000	84.007
2363.80	0.000	84.007
2371.81	0.000	84.007
2379.82	0.000	84.007
2387.83	0.000	84.007
2395.84	-0.000	84.007
2403.86	-0.000	84.007
2411.87	-0.000	84.007
2419.88	-0.000	84.007
2427.89	-0.000	84.007
2435.90	-0.000	84.007
2443.92	-0.000	84.007
2451.93	-0.000	84.007
2459.94	-0.000	84.007
2467.95	-0.000	84.007
2475.96	-0.000	84.007
2483.98	-0.000	84.007
2491.99	-0.000	84.007
2500.00	-0.000	84.007
