   0.000        -549.39        -549.39
   5.000        -534.54        -534.54
  10.000        -473.95        -473.95
  15.000        -372.61        -372.61
  20.000        -289.48        -289.48
  25.000        -209.22        -209.22
  30.000        -142.88        -142.88
  35.000        -158.36        -158.36
  40.000        -173.13        -173.13
  45.000        -171.44        -171.44
  50.000        -111.35        -111.35
  55.000           4.71           4.71
  60.000          -6.50          -6.50
  65.000         -29.31         -29.31
  70.000         -92.68         -92.68
  75.000         -29.95         -29.95
  80.000         -17.38         -17.38
  85.000          46.34          46.34
  90.000          90.17          90.17
  95.000         153.22         153.22
 100.000         138.81         138.81
 105.000         170.01         170.01
 110.000         206.63         206.63
 115.000         173.36         220.23
 120.000         155.73         235.11
 125.000         119.97         211.25
 130.000          76.70         215.28
 135.000          72.69         237.53
 140.000          88.39         282.51
 145.000          61.35         319.37
 150.000         -18.36         329.52
 155.000         -12.23         350.99
 160.000         -48.63         390.16
 165.000         -63.92         421.77
 170.000         -48.87         477.38
 175.000         -53.78         519.30
 180.000         -71.41         553.39
 185.000         -97.18         593.25
 190.000        -143.59         633.58
 195.000        -172.58         664.80
 200.000        -229.86         675.99
 205.000        -309.48         674.42
 210.000        -424.04         648.01
 215.000        -484.14         623.76
 220.000        -571.37         590.75
 225.000        -617.75         589.20
 230.000        -675.02         592.05
 235.000        -780.22         554.85
 240.000        -892.40         425.38
 245.000       -1108.00         245.80
 250.000       -1400.02           5.21
 255.000        -946.89         270.06
 260.000        -197.45         750.58
 265.000         309.35        1123.27
 270.000         787.54        1556.72
 275.000        1235.09        1939.23
 280.000        1045.90        1704.58
 285.000         809.00        1422.19
 290.000         635.57        1181.22
 295.000         529.75        1023.87
 300.000         473.85         913.15
 305.000         375.00         762.80
 310.000         246.62         580.93
 315.000         237.40         464.55
 320.000         222.74         393.04
 325.000         221.81         321.35
 330.000         261.84         295.85
 335.000         293.80         293.80
 340.000         303.43         303.43
 345.000         280.36         280.36
 350.000         257.71         257.71
 355.000         234.28         234.28
 360.000         214.36         214.36
 365.000         197.11         197.11
 370.000         184.43         184.43
 375.000         174.13         174.13
 380.000         163.37         163.37
 385.000         152.67         152.67
 390.000         136.36         136.36
 395.000         133.22         133.22
 400.000         124.68         124.68
 405.000          90.48          90.48
 410.000          46.67          46.67
 415.000          14.45          14.45
 420.000         -37.51         -37.51
 425.000         -98.81         -98.81
 430.000        -128.97        -128.97
 435.000        -132.54        -132.54
 440.000        -120.96        -120.96
 445.000        -106.70        -106.70
 450.000         -96.14         -96.14
 455.000         -83.02         -83.02
 460.000         -73.97         -73.97
 465.000         -47.56         -47.56
 470.000         -29.57         -29.57
 475.000          -8.90          -8.90
 480.000          13.56          13.56
 485.000          63.55          63.55
 490.000          91.15          91.15
 495.000         111.39         111.39
 500.000         123.31         123.31
 505.000         164.39         164.39
 510.000         209.98         209.98
 515.000         247.66         247.66
 520.000         353.12         353.12
 525.000         463.62         463.62
 530.000         583.20         583.20
 535.000         797.07         797.07
 540.000         426.47         426.47
 545.000         100.46         100.46
 550.000          23.37          23.37
 555.000         -71.72         -71.72
 560.000        -319.51        -319.51
 565.000        -105.83        -105.83
 570.000        -141.17        -141.17
 575.000        -151.64        -102.34
 580.000        -213.33        -116.98
 585.000        -284.39        -164.53
 590.000        -327.97        -157.06
 595.000        -369.05        -148.91
 600.000        -429.68        -164.71
 605.000        -477.21        -159.54
 610.000        -525.35        -158.74
 615.000        -564.19        -150.13
 620.000        -592.50        -130.36
 625.000        -625.58        -115.10
 630.000        -658.03        -100.68
 635.000        -659.06         -92.22
 640.000        -631.89         -76.43
 645.000        -613.39         -48.14
 650.000        -616.77         -39.71
 655.000        -606.81         -19.16
 660.000        -647.86         -46.44
 665.000        -625.82         -36.14
 670.000        -611.32         -10.31
 675.000        -625.87         -14.26
 680.000        -628.20          -3.09
 685.000        -613.79           5.39
 690.000        -537.86          11.54
 695.000        -484.49         -15.01
 700.000        -428.08         -41.66
 705.000        -320.59         -15.62
 710.000        -160.18          32.38
 715.000          25.57         110.34
 720.000          99.43         158.87
 725.000         231.27         231.27
 730.000         218.69         218.69
 735.000         183.65         183.65
 740.000         101.11         101.11
 745.000         120.05         120.05
 750.000          34.71          34.71
 755.000         180.51         180.51
 760.000         121.05         121.05
 765.000         213.96         213.96
 770.000         272.85         272.85
 775.000         311.07         311.07
 780.000         337.38         337.38
 785.000         332.08         332.08
 790.000         299.24         299.24
 795.000         322.97         322.97
 800.000         306.23         306.23
 805.000         286.24         286.24
 810.000         247.69         247.69
 815.000         249.34         249.34
 820.000         228.95         228.95
 825.000         242.18         242.18
 830.000         255.19         255.19
 835.000         262.52         262.52
 840.000         301.64         301.64
 845.000         331.15         331.15
 850.000         356.23         356.23
 855.000         319.01         319.01
 860.000         281.31         281.31
 865.000         293.28         293.28
 870.000         289.49         289.49
 875.000         295.38         295.38
 880.000         289.82         289.82
 885.000         313.24         313.24
 890.000         280.40         280.40
 895.000         267.83         267.83
 900.000         242.26         242.26
 905.000         195.01         195.01
 910.000         190.48         190.48
 915.000         184.78         184.78
 920.000         153.37         153.37
 925.000         148.98         148.98
 930.000         158.35         158.35
 935.000         171.49         171.49
 940.000         136.79         136.79
 945.000         136.17         136.17
 950.000         135.84         135.84
 955.000         135.79         135.79
 960.000         134.70         134.70
 965.000         133.53         133.53
 970.000         126.18         126.18
 975.000         110.94         110.94
 980.000          97.18          97.18
 985.000         114.66         114.66
 990.000         131.71         131.71
 995.000         149.07         149.07
1000.000         157.98         157.98
1005.000         165.04         165.04
1010.000         127.74         127.74
1015.000          88.33          88.33
1020.000          88.89          88.89
1025.000          90.47          90.47
1030.000          92.09          92.09
1035.000          93.61          93.61
1040.000          96.32          96.32
1045.000          96.40          96.40
1050.000          97.04          97.04
1055.000          97.76          97.76
1060.000          98.61          98.61
1065.000          99.67          99.67
1070.000         100.30         100.30
