  0.0000000E+00   79.45705       3.594617    
   5.000000       85.16840       4.066824    
   10.00000       92.52145       6.167324    
   15.00000       103.2619       16.17867    
   20.00000       99.27699       20.65635    
   25.00000       117.2040       25.48325    
   30.00000       131.6820       27.42128    
   35.00000       153.4114       26.62928    
   40.00000       147.7870       17.81757    
   45.00000       164.8343       11.69125    
   50.00000       172.0851       9.093758    
   55.00000       174.2242       7.314776    
   60.00000       173.5947       7.971489    
   65.00000       177.1559       8.749618    
   70.00000       178.4903       7.631730    
   75.00000       178.6367       6.387616    
   80.00000       180.8725       4.330886    
   85.00000       187.3811       4.764780    
   90.00000       194.0295       3.432383    
   95.00000       198.4767       2.309762    
   100.0000       199.3866       3.149463    
   105.0000       200.2621       5.369806    
   110.0000       200.7090       4.806920    
   115.0000       203.8212       3.066569    
   120.0000       207.6233       2.690796    
   125.0000       212.0826       4.827306    
   130.0000       217.3503       7.393149    
   135.0000       219.2321       8.768113    
   140.0000       221.2517       9.588655    
   145.0000       223.6844       10.00649    
   150.0000       226.3049       11.86280    
   155.0000       232.4554       9.461206    
   160.0000       238.0243       6.430471    
   165.0000       238.1832       3.259601    
   170.0000       236.9406       3.007203    
   175.0000       237.9613       4.008405    
   180.0000       241.5170       3.584824    
   185.0000       244.5337       3.116334    
   190.0000       244.9646       3.261813    
   195.0000       247.6193       3.108611    
   200.0000       252.5589       3.886614    
   205.0000       253.7364       5.559555    
   210.0000       254.6111       6.398993    
   215.0000       253.9033       4.320679    
   220.0000       240.6471       14.19083    
   225.0000       238.0003       13.35427    
   230.0000       245.9494       5.371309    
   235.0000       245.4980       2.470985    
   240.0000       243.9172       5.670436    
   245.0000       246.3749       7.640039    
   250.0000       250.6001       8.900086    
   255.0000       248.4873       10.40502    
   260.0000       238.7673       11.48222    
   265.0000       234.6995       10.63444    
   270.0000       226.8181       11.45392    
   275.0000       215.9391       13.10498    
   280.0000       213.2287       14.19900    
   285.0000       208.7576       14.35923    
   290.0000       212.9534       11.56784    
   295.0000       205.4794       13.71294    
   300.0000       196.1078       17.03961    
   305.0000       184.4045       19.33399    
   310.0000       190.3219       15.68710    
   315.0000       180.2465       15.29465    
   320.0000       172.6411       16.39121    
   325.0000       165.8303       16.74856    
   330.0000       168.7486       15.41610    
   335.0000       160.1281       19.75689    
   340.0000       158.0996       19.30338    
   345.0000       154.7193       15.75827    
   350.0000       154.4305       20.68411    
   355.0000       147.6051       21.03079    
   360.0000       144.9074       21.67382    
   365.0000       131.7783       17.56886    
   370.0000       131.8853       25.94953    
   375.0000       130.4701       23.14741    
   380.0000       118.4516       19.80875    
   385.0000       104.1598       16.42163    
390 102.5221 5.477784
395 95.29721 6.830633
400 90.81757 8.721568
405 82.75366 7.614212
410 75.70857 4.020245
415 71.13348 3.549776
420 67.13413 2.831131
425 64.34233 3.685292
430 64.24046 8.483059
435 53.88437 9.772193
440 39.38457 11.18049
445 35.92169 15.28204
450 23.66329 11.22008
455 19.32555 6.037899
460 22.84650 11.97006
465 21.39833 9.477871
470 12.03547 13.97200
475 18.73799 15.23292
480 18.58758 10.83352
485 8.056919 17.67818
490 3.504137 14.57898
495 8.709048 13.72162
500 6.262228 12.41575
505 -4.482585 11.45918
510 -4.422594 12.42437
515 -1.180722 14.34266
520 -2.137171 12.68944
525 0.8952066 10.88335
530 8.976336 8.760837
535 16.90463 6.158474
540 18.46424 3.510737
545 23.89188 5.887547
550 33.42241 6.787956
555 38.68099 7.328093
560 40.31096 5.674510
565 45.70855 6.958111
570 51.32293 8.382576
575 53.01328 6.430378
580 56.63928 4.060054
585 59.56366 3.938948
590 59.81245 4.774505
595 58.64446 5.382821
600 58.43732 6.089128
605 56.13540 6.243747
610 53.97527 6.824269
615 54.70173 8.530900
620 54.92264 8.001125
625 59.00456 10.54653
630 62.28425 9.315244
635 66.36633 7.117984
640 67.81905 6.144849
645 68.47942 6.713418
650 69.50987 6.851779
655 70.04871 5.578337
660 68.72849 5.919271
665 66.31306 9.312483
670 65.84723 9.974239
675 67.62926 7.709612
680 68.37862 5.888255
685 68.44350 3.325544
690 68.14595 1.402193
695 68.55888 2.574515
700 67.77051 3.139135
705 68.67863 3.772532
710 69.32176 4.509286
715 69.36082 6.635286
720 65.54678 10.44785
725 61.27980 13.72160
730 58.92414 15.38952
735 52.45393 14.57149
740 46.35228 14.76169
745 40.08960 14.27722
750 35.02230 12.55599
755 31.08269 11.45802
760 25.44356 11.09148
765 19.96178 10.42710
770 16.00480 8.811859
775 10.15880 6.579814
780 3.162483 5.507321
785 -1.793319 6.095667
790 -6.690490 9.315216
795 -9.721124 8.159133
800 -15.55097 4.251163
805 -20.23435 8.224103
810 -21.15785 14.97427
815 -22.74723 13.01926
820 -26.80512 14.67490
825 -36.35913 10.09442
830 -42.87894 12.22448
835 -54.17033 16.41677
840 -62.86353 12.46153
845 -61.58260 7.505575
850 -70.66062 9.016131
855 -78.90461 8.384583
860 -79.00977 8.511821
865 -81.89198 11.67235
870 -92.32021 16.04568
875 -100.7075 7.728680
880 -88.57001 10.07329
885 -89.51321 8.576744
890 -97.21564 10.79227
895 -91.51656 12.55231
900 -92.40663 7.211623
905 -87.25589 10.48228
910 -80.26002 15.14728
915 -80.11568 17.61872
920 -65.97751 12.74058
925 -66.87221 11.27779
930 -66.10451 9.272038
935 -53.41143 10.30481
940 -53.40956 5.480819
945 -56.28438 5.077186
950 -46.18814 10.55025
955 -42.48555 8.526731
960 -53.11119 8.971542
965 -50.65853 6.489081
970 -53.15961 7.462808
975 -54.75269 12.37774
980 -54.47486 10.51346
985 -56.36886 12.29752
990 -52.52999 9.162474
995 -51.93263 6.201301
1000 -49.56440 8.307709
1005 -52.89224 7.904706
1010 -53.96571 7.374613
1015 -47.39006 9.842289
1020 -50.80341 9.665935
1025 -54.65083 5.778514
1030 -51.72702 12.57951
1035 -48.16048 20.05196
1040 -41.94231 16.17443
1045 -45.91912 17.35949
1050 -36.68271 12.06502
1055 -37.85331 14.34449
1060 -40.54361 7.327452
1065 -39.94358 13.65107
1070 -30.68746 11.89088
1075 -29.93533 9.411691
1080 -33.46469 15.28472
1085 -36.85596 15.18386
1090 -27.00234 11.63631
1095 -16.84009 8.920035
1100 -6.986686 10.12022
1105 -3.808950 9.440834
1110 -5.881010 11.56151
1115 -9.461011 8.604909
1120 -15.38166 8.253340
1125 -23.42517 10.25069
1130 -22.06235 10.92893
1135 -18.54191 9.256528
1140 -18.42564 9.747943
1145 -17.55659 8.281581
1150 -15.85968 6.961717
1155 -15.46334 5.757305
1160 -14.15227 9.097192
1165 -13.02238 10.98481
1170 -12.17928 8.724625
1175 -10.17063 8.003540
1180 -10.59026 10.61934
1185 -8.136238 10.44242
1190 -12.83798 9.506431
1195 -17.99163 8.613999
1200 -11.48034 7.232573
1205 -7.589990 7.341955
1210 -11.23890 6.263925
1215 -9.266957 6.614869
1220 -14.61297 8.804646
1225 -20.14285 11.80923
1230 -21.07232 10.54179
1235 -18.49291 9.124450
1240 -17.27188 6.619585
1245 -11.90086 5.246084
1250 -5.404033 5.438640
1255 -1.253028 6.588090
