   0.0000000000000000       -400000.00000000000        1520.0000000000000     
   5000.0000000000000       -400000.00000000000        1520.0000000000000     
   10000.000000000000       -400000.00000000000        1520.0000000000000     
   15000.000000000000       -400000.00000000000        1520.0000000000000     
   20000.000000000000       -400000.00000000000        1520.0000000000000     
   25000.000000000000       -400000.00000000000        1520.0000000000000     
   30000.000000000000       -400000.00000000000        1520.0000000000000     
   35000.000000000000       -400000.00000000000        1520.0000000000000     
   40000.000000000000       -400000.00000000000        1520.0000000000000     
   45000.000000000000       -400000.00000000000        1520.0000000000000     
   50000.000000000000       -400000.00000000000        1520.0000000000000     
   55000.000000000000       -400000.00000000000        1520.0000000000000     
   60000.000000000000       -400000.00000000000        1520.0000000000000     
   65000.000000000000       -400000.00000000000        1520.0000000000000     
   70000.000000000000       -400000.00000000000        1520.0000000000000     
   75000.000000000000       -400000.00000000000        1520.0000000000000     
   80000.000000000000       -400000.00000000000        1520.0000000000000     
   85000.000000000000       -400000.00000000000        1520.0000000000000     
   90000.000000000000       -400000.00000000000        1520.0000000000000     
   95000.000000000000       -400000.00000000000        1520.0000000000000     
   100000.00000000000       -400000.00000000000        1520.0000000000000     
   105000.00000000000       -400000.00000000000        1520.0000000000000     
   110000.00000000000       -400000.00000000000        1520.0000000000000     
   115000.00000000000       -400000.00000000000        1520.0000000000000     
   120000.00000000000       -400000.00000000000        1520.0000000000000     
   125000.00000000000       -400000.00000000000        1520.0000000000000     
   130000.00000000000       -400000.00000000000        1520.0000000000000     
   135000.00000000000       -400000.00000000000        1520.0000000000000     
   140000.00000000000       -400000.00000000000        1520.0000000000000     
   145000.00000000000       -400000.00000000000        1520.0000000000000     
   150000.00000000000       -400000.00000000000        1520.0000000000000     
   155000.00000000000       -400000.00000000000        1520.0000000000000     
   160000.00000000000       -400000.00000000000        1520.0000000000000     
   165000.00000000000       -400000.00000000000        1520.0000000000000     
   170000.00000000000       -400000.00000000000        1520.0000000000000     
   175000.00000000000       -400000.00000000000        1520.0000000000000     
   180000.00000000000       -400000.00000000000        1520.0000000000000     
   185000.00000000000       -400000.00000000000        1520.0000000000000     
   190000.00000000000       -400000.00000000000        1520.0000000000000     
   195000.00000000000       -400000.00000000000        1520.0000000000000     
   200000.00000000000       -400000.00000000000        1520.0000000000000     
   205000.00000000000       -400000.00000000000        1520.0000000000000     
   210000.00000000000       -400000.00000000000        1520.0000000000000     
   215000.00000000000       -400000.00000000000        1520.0000000000000     
   220000.00000000000       -400000.00000000000        1520.0000000000000     
   225000.00000000000       -400000.00000000000        1520.0000000000000     
   230000.00000000000       -400000.00000000000        1520.0000000000000     
   235000.00000000000       -400000.00000000000        1520.0000000000000     
   240000.00000000000       -400000.00000000000        1520.0000000000000     
   245000.00000000000       -400000.00000000000        1520.0000000000000     
   250000.00000000000       -400000.00000000000        1520.0000000000000     
   255000.00000000000       -400000.00000000000        1520.0000000000000     
   260000.00000000000       -400000.00000000000        1520.0000000000000     
   265000.00000000000       -400000.00000000000        1520.0000000000000     
   270000.00000000000       -400000.00000000000        1520.0000000000000     
   275000.00000000000       -400000.00000000000        1520.0000000000000     
   280000.00000000000       -400000.00000000000        1520.0000000000000     
   285000.00000000000       -400000.00000000000        1520.0000000000000     
   290000.00000000000       -400000.00000000000        1520.0000000000000     
   295000.00000000000       -400000.00000000000        1520.0000000000000     
   300000.00000000000       -400000.00000000000        1520.0000000000000     
   305000.00000000000       -400000.00000000000        1520.0000000000000     
   310000.00000000000       -400000.00000000000        1520.0000000000000     
   315000.00000000000       -400000.00000000000        1520.0000000000000     
   320000.00000000000       -400000.00000000000        1520.0000000000000     
   325000.00000000000       -400000.00000000000        1520.0000000000000     
   330000.00000000000       -400000.00000000000        1520.0000000000000     
   335000.00000000000       -400000.00000000000        1520.0000000000000     
   340000.00000000000       -400000.00000000000        1520.0000000000000     
   345000.00000000000       -400000.00000000000        1520.0000000000000     
   350000.00000000000       -400000.00000000000        1520.0000000000000     
   355000.00000000000       -400000.00000000000        1520.0000000000000     
   360000.00000000000       -400000.00000000000        1520.0000000000000     
   365000.00000000000       -400000.00000000000        1520.0000000000000     
   370000.00000000000       -400000.00000000000        1520.0000000000000     
   375000.00000000000       -400000.00000000000        1520.0000000000000     
   380000.00000000000       -400000.00000000000        1520.0000000000000     
   385000.00000000000       -400000.00000000000        1520.0000000000000     
   390000.00000000000       -400000.00000000000        1520.0000000000000     
   395000.00000000000       -400000.00000000000        1520.0000000000000     
   400000.00000000000       -400000.00000000000        1520.0000000000000     
   405000.00000000000       -400000.00000000000        1520.0000000000000     
   410000.00000000000       -400000.00000000000        1520.0000000000000     
   415000.00000000000       -400000.00000000000        1520.0000000000000     
   420000.00000000000       -400000.00000000000        1520.0000000000000     
   425000.00000000000       -400000.00000000000        1520.0000000000000     
   430000.00000000000       -400000.00000000000        1520.0000000000000     
   435000.00000000000       -400000.00000000000        1520.0000000000000     
   440000.00000000000       -400000.00000000000        1520.0000000000000     
   445000.00000000000       -400000.00000000000        1520.0000000000000     
   450000.00000000000       -400000.00000000000        1520.0000000000000     
   455000.00000000000       -400000.00000000000        1520.0000000000000     
   460000.00000000000       -400000.00000000000        1520.0000000000000     
   465000.00000000000       -400000.00000000000        1520.0000000000000     
   470000.00000000000       -400000.00000000000        1520.0000000000000     
   475000.00000000000       -400000.00000000000        1520.0000000000000     
   480000.00000000000       -400000.00000000000        1520.0000000000000     
   485000.00000000000       -400000.00000000000        1520.0000000000000     
   490000.00000000000       -400000.00000000000        1520.0000000000000     
   495000.00000000000       -400000.00000000000        1520.0000000000000     
   500000.00000000000       -400000.00000000000        1520.0000000000000     
   505000.00000000000       -400000.00000000000        1520.0000000000000     
   510000.00000000000       -400000.00000000000        1520.0000000000000     
   515000.00000000000       -400000.00000000000        1520.0000000000000     
   520000.00000000000       -400000.00000000000        1520.0000000000000     
   525000.00000000000       -400000.00000000000        1520.0000000000000     
   530000.00000000000       -400000.00000000000        1520.0000000000000     
   535000.00000000000       -400000.00000000000        1520.0000000000000     
   540000.00000000000       -400000.00000000000        1520.0000000000000     
   545000.00000000000       -400000.00000000000        1520.0000000000000     
   550000.00000000000       -400000.00000000000        1520.0000000000000     
   555000.00000000000       -400000.00000000000        1520.0000000000000     
   560000.00000000000       -400000.00000000000        1520.0000000000000     
   565000.00000000000       -400000.00000000000        1520.0000000000000     
   570000.00000000000       -400000.00000000000        1520.0000000000000     
   575000.00000000000       -400000.00000000000        1520.0000000000000     
   580000.00000000000       -400000.00000000000        1520.0000000000000     
   585000.00000000000       -400000.00000000000        1520.0000000000000     
   590000.00000000000       -400000.00000000000        1520.0000000000000     
   595000.00000000000       -400000.00000000000        1520.0000000000000     
   600000.00000000000       -400000.00000000000        1520.0000000000000     
   605000.00000000000       -400000.00000000000        1520.0000000000000     
   610000.00000000000       -400000.00000000000        1520.0000000000000     
   615000.00000000000       -400000.00000000000        1520.0000000000000     
   620000.00000000000       -400000.00000000000        1520.0000000000000     
   625000.00000000000       -400000.00000000000        1520.0000000000000     
   630000.00000000000       -400000.00000000000        1520.0000000000000     
   635000.00000000000       -400000.00000000000        1520.0000000000000     
   640000.00000000000       -400000.00000000000        1520.0000000000000     
   645000.00000000000       -400000.00000000000        1520.0000000000000     
   650000.00000000000       -400000.00000000000        1520.0000000000000     
   655000.00000000000       -400000.00000000000        1520.0000000000000     
   660000.00000000000       -400000.00000000000        1520.0000000000000     
   665000.00000000000       -400000.00000000000        1520.0000000000000     
   670000.00000000000       -400000.00000000000        1520.0000000000000     
   675000.00000000000       -400000.00000000000        1520.0000000000000     
   680000.00000000000       -400000.00000000000        1520.0000000000000     
   685000.00000000000       -400000.00000000000        1520.0000000000000     
   690000.00000000000       -400000.00000000000        1520.0000000000000     
   695000.00000000000       -400000.00000000000        1520.0000000000000     
   700000.00000000000       -400000.00000000000        1520.0000000000000     
   705000.00000000000       -400000.00000000000        1520.0000000000000     
   710000.00000000000       -400000.00000000000        1520.0000000000000     
   715000.00000000000       -400000.00000000000        1520.0000000000000     
   720000.00000000000       -400000.00000000000        1520.0000000000000     
   725000.00000000000       -400000.00000000000        1520.0000000000000     
   730000.00000000000       -400000.00000000000        1520.0000000000000     
   735000.00000000000       -400000.00000000000        1520.0000000000000     
   740000.00000000000       -400000.00000000000        1520.0000000000000     
   745000.00000000000       -400000.00000000000        1520.0000000000000     
   750000.00000000000       -400000.00000000000        1520.0000000000000     
   755000.00000000000       -400000.00000000000        1520.0000000000000     
   760000.00000000000       -400000.00000000000        1520.0000000000000     
   765000.00000000000       -400000.00000000000        1520.0000000000000     
   770000.00000000000       -400000.00000000000        1520.0000000000000     
   775000.00000000000       -400000.00000000000        1520.0000000000000     
   780000.00000000000       -400000.00000000000        1520.0000000000000     
   785000.00000000000       -400000.00000000000        1520.0000000000000     
   790000.00000000000       -400000.00000000000        1520.0000000000000     
   795000.00000000000       -400000.00000000000        1520.0000000000000     
   800000.00000000000       -400000.00000000000        1520.0000000000000     
   805000.00000000000       -400000.00000000000        1520.0000000000000     
   810000.00000000000       -400000.00000000000        1520.0000000000000     
   815000.00000000000       -400000.00000000000        1520.0000000000000     
   820000.00000000000       -400000.00000000000        1520.0000000000000     
   825000.00000000000       -400000.00000000000        1520.0000000000000     
   830000.00000000000       -400000.00000000000        1520.0000000000000     
   835000.00000000000       -400000.00000000000        1520.0000000000000     
   840000.00000000000       -400000.00000000000        1520.0000000000000     
   845000.00000000000       -400000.00000000000        1520.0000000000000     
   850000.00000000000       -400000.00000000000        1520.0000000000000     
   855000.00000000000       -400000.00000000000        1520.0000000000000     
   860000.00000000000       -400000.00000000000        1520.0000000000000     
   865000.00000000000       -400000.00000000000        1520.0000000000000     
   870000.00000000000       -400000.00000000000        1520.0000000000000     
   875000.00000000000       -400000.00000000000        1520.0000000000000     
   880000.00000000000       -400000.00000000000        1520.0000000000000     
   885000.00000000000       -400000.00000000000        1520.0000000000000     
   890000.00000000000       -400000.00000000000        1520.0000000000000     
   895000.00000000000       -400000.00000000000        1520.0000000000000     
   900000.00000000000       -400000.00000000000        1520.0000000000000     
   905000.00000000000       -400000.00000000000        1520.0000000000000     
   910000.00000000000       -400000.00000000000        1520.0000000000000     
   915000.00000000000       -400000.00000000000        1520.0000000000000     
   920000.00000000000       -400000.00000000000        1520.0000000000000     
   925000.00000000000       -400000.00000000000        1520.0000000000000     
   930000.00000000000       -400000.00000000000        1520.0000000000000     
   935000.00000000000       -400000.00000000000        1520.0000000000000     
   940000.00000000000       -400000.00000000000        1520.0000000000000     
   945000.00000000000       -400000.00000000000        1520.0000000000000     
   950000.00000000000       -400000.00000000000        1520.0000000000000     
   955000.00000000000       -400000.00000000000        1520.0000000000000     
   960000.00000000000       -400000.00000000000        1520.0000000000000     
   965000.00000000000       -400000.00000000000        1520.0000000000000     
   970000.00000000000       -400000.00000000000        1520.0000000000000     
   975000.00000000000       -400000.00000000000        1520.0000000000000     
   980000.00000000000       -400000.00000000000        1520.0000000000000     
   985000.00000000000       -400000.00000000000        1520.0000000000000     
   990000.00000000000       -400000.00000000000        1520.0000000000000     
   995000.00000000000       -400000.00000000000        1520.0000000000000     
   1000000.0000000000       -400000.00000000000        1520.0000000000000     
   1005000.0000000000       -400000.00000000000        1520.0000000000000     
   1010000.0000000000       -400000.00000000000        1520.0000000000000     
   1015000.0000000000       -400000.00000000000        1520.0000000000000     
   1020000.0000000000       -400000.00000000000        1520.0000000000000     
   1025000.0000000000       -400000.00000000000        1520.0000000000000     
   1030000.0000000000       -400000.00000000000        1520.0000000000000     
   1035000.0000000000       -400000.00000000000        1520.0000000000000     
   1040000.0000000000       -400000.00000000000        1520.0000000000000     
   1045000.0000000000       -400000.00000000000        1520.0000000000000     
   1050000.0000000000       -400000.00000000000        1520.0000000000000     
   1055000.0000000000       -400000.00000000000        1520.0000000000000     
   1060000.0000000000       -400000.00000000000        1520.0000000000000     
   1065000.0000000000       -400000.00000000000        1520.0000000000000     
   1070000.0000000000       -400000.00000000000        1520.0000000000000     
   1075000.0000000000       -400000.00000000000        1520.0000000000000     
   1080000.0000000000       -400000.00000000000        1520.0000000000000     
   1085000.0000000000       -400000.00000000000        1520.0000000000000     
   1090000.0000000000       -400000.00000000000        1520.0000000000000     
   1095000.0000000000       -400000.00000000000        1520.0000000000000     
   1100000.0000000000       -400000.00000000000        1520.0000000000000     
   1105000.0000000000       -400000.00000000000        1520.0000000000000     
   1110000.0000000000       -400000.00000000000        1520.0000000000000     
   1115000.0000000000       -400000.00000000000        1520.0000000000000     
   1120000.0000000000       -400000.00000000000        1520.0000000000000     
   1125000.0000000000       -400000.00000000000        1520.0000000000000     
   1130000.0000000000       -400000.00000000000        1520.0000000000000     
   1135000.0000000000       -400000.00000000000        1520.0000000000000     
   1140000.0000000000       -400000.00000000000        1520.0000000000000     
   1145000.0000000000       -400000.00000000000        1520.0000000000000     
   1150000.0000000000       -400000.00000000000        1520.0000000000000     
   1155000.0000000000       -400000.00000000000        1520.0000000000000     
   1160000.0000000000       -400000.00000000000        1520.0000000000000     
   1165000.0000000000       -400000.00000000000        1520.0000000000000     
   1170000.0000000000       -400000.00000000000        1520.0000000000000     
   1175000.0000000000       -400000.00000000000        1520.0000000000000     
   1180000.0000000000       -400000.00000000000        1520.0000000000000     
   1185000.0000000000       -400000.00000000000        1520.0000000000000     
   1190000.0000000000       -400000.00000000000        1520.0000000000000     
   1195000.0000000000       -400000.00000000000        1520.0000000000000     
   1200000.0000000000       -400000.00000000000        1520.0000000000000     
   1205000.0000000000       -400000.00000000000        1520.0000000000000     
   1210000.0000000000       -400000.00000000000        1520.0000000000000     
   1215000.0000000000       -400000.00000000000        1520.0000000000000     
   1220000.0000000000       -400000.00000000000        1520.0000000000000     
   1225000.0000000000       -400000.00000000000        1520.0000000000000     
   1230000.0000000000       -400000.00000000000        1520.0000000000000     
   1235000.0000000000       -400000.00000000000        1520.0000000000000     
   1240000.0000000000       -400000.00000000000        1520.0000000000000     
   1245000.0000000000       -400000.00000000000        1520.0000000000000     
   1250000.0000000000       -400000.00000000000        1520.0000000000000     
   1255000.0000000000       -400000.00000000000        1520.0000000000000     
