 X, Geoid 2D, 1D: comment                                           
   0.000           1.95          13.04
   5.000           1.96          12.87
  10.000           1.95          12.62
  15.000           1.93          12.51
  20.000           1.89          12.97
  25.000           1.85          13.13
  30.000           1.81          13.09
  35.000           1.78          13.35
  40.000           1.76          13.61
  45.000           1.76          13.66
  50.000           1.78          13.75
  55.000           1.82          13.54
  60.000           1.86          13.67
  65.000           1.88          13.79
  70.000           1.91          14.13
  75.000           1.96          14.12
  80.000           2.02          14.04
  85.000           2.09          13.94
  90.000           2.17          13.84
  95.000           2.25          13.78
 100.000           2.33          13.75
 105.000           2.41          13.47
 110.000           2.49          13.49
 115.000           2.56          13.56
 120.000           2.62          13.55
 125.000           2.67          13.69
 130.000           2.70          13.84
 135.000           2.73          13.99
 140.000           2.76          14.02
 145.000           2.79          14.01
 150.000           2.81          13.85
 155.000           2.80          13.82
 160.000           2.77          14.45
 165.000           2.74          14.56
 170.000           2.73          14.51
 175.000           2.72          14.49
 180.000           2.72          14.51
 185.000           2.73          14.51
 190.000           2.75          14.50
 195.000           2.77          14.46
 200.000           2.80          14.61
 205.000           2.84          14.61
 210.000           2.89          14.38
 215.000           2.95          14.38
 220.000           3.01          14.06
 225.000           3.03          13.41
 230.000           3.00          14.31
 235.000           2.95          14.78
 240.000           2.93          14.86
 245.000           2.93          14.78
 250.000           2.95          14.81
 255.000           3.01          14.77
 260.000           3.10          14.16
 265.000           3.19          14.14
 270.000           3.28          14.13
 275.000           3.37          14.16
 280.000           3.47          14.17
 285.000           3.58          14.22
 290.000           3.72          14.10
 295.000           3.86          13.88
 300.000           4.00          13.71
 305.000           4.13          13.74
 310.000           4.25          13.56
 315.000           4.37          13.64
 320.000           4.50          13.56
 325.000           4.63          13.29
 330.000           4.74          13.40
 335.000           4.83          13.24
 340.000           4.92          13.62
 345.000           5.01          13.63
 350.000           5.12          13.91
 355.000           5.24          13.60
 360.000           5.36          14.07
 365.000           5.50          13.66
 370.000           5.63          13.36
 375.000           5.73          13.86
 380.000           5.82          11.62
 385.000           5.90           7.14
 390.000           5.97           6.70
 395.000           6.04           4.79
 400.000           6.10           4.39
 405.000           6.17           3.13
 410.000           6.26           0.59
 415.000           6.36          -2.54
 420.000           6.44          -4.61
 425.000           6.53          -5.72
 430.000           6.62          -7.47
 435.000           6.74         -11.16
 440.000           6.88         -12.56
 445.000           7.04         -14.94
 450.000           7.21         -18.32
 455.000           7.37         -21.27
 460.000           7.53         -24.13
 465.000           7.75         -27.13
 470.000           8.01         -27.74
 475.000           8.22         -23.88
 480.000           8.37         -21.83
 485.000           8.53         -22.98
 490.000           8.69         -24.56
 495.000           8.81         -25.66
 500.000           8.91         -24.58
 505.000           8.99         -23.62
 510.000           9.05         -22.67
 515.000           9.07         -22.63
 520.000           9.05         -20.21
 525.000           9.01         -19.51
 530.000           8.92         -18.30
 535.000           8.80         -17.15
 540.000           8.70         -13.30
 545.000           8.61         -11.34
 550.000           8.52          -9.90
 555.000           8.43          -9.08
 560.000           8.35          -5.94
 565.000           8.27          -4.75
 570.000           8.17          -3.55
 575.000           8.06          -1.62
 580.000           7.94           0.57
 585.000           7.83           2.13
 590.000           7.72           4.09
 595.000           7.61           5.58
 600.000           7.50           6.44
 605.000           7.38           6.43
 610.000           7.25           6.41
 615.000           7.11           6.39
 620.000           6.96           6.37
 625.000           6.81           6.35
 630.000           6.64           6.35
 635.000           6.46           6.33
 640.000           6.26           6.31
 645.000           6.05           6.27
 650.000           5.83           6.23
 655.000           5.58           6.18
 660.000           5.31           5.99
 665.000           5.01           5.79
 670.000           4.68           5.68
 675.000           4.31           5.66
 680.000           3.93           5.69
 685.000           3.55           5.63
 690.000           3.18           5.64
 695.000           2.81           5.72
 700.000           2.46           5.72
 705.000           2.12           5.69
 710.000           1.78           5.70
 715.000           1.46           5.68
 720.000           1.15           5.65
 725.000           0.86           5.65
 730.000           0.58           5.62
 735.000           0.33           5.60
 740.000           0.09           5.54
 745.000          -0.11           5.49
 750.000          -0.30           5.46
 755.000          -0.45           5.41
 760.000          -0.57           5.40
 765.000          -0.65           5.59
 770.000          -0.69           5.94
 775.000          -0.68           6.15
 780.000          -0.63           6.60
 785.000          -0.53           7.00
 790.000          -0.38           7.37
 795.000          -0.18           7.91
 800.000           0.05           8.45
 805.000           0.32           9.18
 810.000           0.61           8.61
 815.000           0.94           8.54
 820.000           1.35           9.67
 825.000           1.84           7.56
 830.000           2.34           6.39
 835.000           2.80           5.40
 840.000           3.18           5.05
 845.000           3.51           4.76
 850.000           3.84           4.50
 855.000           4.18           2.99
 860.000           4.51           1.72
 865.000           4.84           0.27
 870.000           5.17          -1.21
 875.000           5.51          -2.87
 880.000           5.86          -4.30
 885.000           6.19          -4.92
 890.000           6.51          -8.02
 895.000           6.78          -8.49
 900.000           7.03          -8.44
 905.000           7.28          -8.79
 910.000           7.48          -8.83
 915.000           7.59          -8.21
 920.000           7.67          -6.77
 925.000           7.75          -6.34
 930.000           7.83          -6.53
 935.000           7.86          -5.08
 940.000           7.90          -4.97
 945.000           8.01          -5.02
 950.000           8.14          -5.52
 955.000           8.23          -5.40
 960.000           8.31          -4.22
 965.000           8.41          -2.82
 970.000           8.53          -2.00
 975.000           8.64          -1.31
 980.000           8.77           0.43
 985.000           8.93           0.88
 990.000           9.09           1.81
 995.000           9.20           2.89
1000.000           9.25           6.57
1005.000           9.28           7.68
1010.000           9.29          11.77
1015.000           9.26          14.46
1020.000           9.22          14.47
1025.000           9.21          14.05
1030.000           9.21          13.53
1035.000           9.19          13.10
1040.000           9.13          12.90
1045.000           9.00          12.73
1050.000           8.83          13.26
1055.000           8.67          13.58
1060.000           8.58          13.53
1065.000           8.58          13.05
1070.000           8.60          12.33
1075.000           8.60          12.26
1080.000           8.57          11.85
1085.000           8.49          11.65
1090.000           8.37          11.55
1095.000           8.25          11.48
1100.000           8.15          11.38
1105.000           8.08          11.16
1110.000           8.03          11.00
1115.000           8.00          10.68
1120.000           7.97          10.61
1125.000           7.91          10.84
1130.000           7.86          11.53
1135.000           7.85          11.26
1140.000           7.89          10.62
1145.000           7.96           9.99
1150.000           8.07           9.77
1155.000           8.23           9.12
1160.000           8.40           8.79
1165.000           8.53           8.75
1170.000           8.61           8.76
1175.000           8.63           8.77
1180.000           8.59           8.97
1185.000           8.51           9.36
1190.000           8.40           9.72
1195.000           8.28           9.91
1200.000           8.16          10.08
1205.000           8.03          10.20
1210.000           7.89          10.16
1215.000           7.71          10.52
1220.000           7.50          10.88
1225.000           7.30          11.08
1230.000           7.10          11.38
1235.000           6.90          11.60
1240.000           6.70          11.79
1245.000           6.50          12.06
1250.000           6.31          12.38
1255.000           6.16          12.55
